1,342387943c93,5.601126678293167,1.6869258919529746
1,b4fbf9b7504f,12.444598457849223,2.610317201216335
1,7a9ef6e18848,8.66414620543188,3.9927028572074716
1,006b8ea102e0,2.947957343781268,2.8132342029390145
1,40a5ef403f6f,3.684926079945119,3.436071826600267
1,b4fbf9b74a7f,2.758580320998382,1.3579905949236082
1,446d57216f69,3.9442350139272437,1.4430228135542964
1,547595e2e6cb,8.017494133149885,3.5966130662217237
1,8825936c0e4d,8.656018253340836,2.874949191593802
1,547595e2e6cd,8.667213590694786,3.005001383669074
2,6460f45289ce,3.043733525449232,3.1119201369813587
2,b4fbf9b7504f,12.33080341680621,2.3672762045840554
2,342387943c93,2.3337021224074586,1.5900173935697712
2,b4fbf9b7505f,12.34171587555775,2.421219306023707
2,006b8ea102e0,2.333103105361381,2.23028651021418
2,40313cc5b8fc,11.581061907960574,2.4446076758787005
2,206be778df58,2.615844942188149,1.8984836579098041
2,b4fbf9b74a7f,1.6380864521279639,1.7095869376132897
2,547595e2e6cb,7.994543740905346,3.9821467314577594
2,446d57216f69,2.559382158171244,1.473441015862033
2,547595e2e6cd,9.321075492206855,2.3605048812202223
3,6460f45289ce,3.0721503486809083,3.144942439205892
3,b0fc36f11fd9,8.638018654521536,2.9295785123555502
3,342387943c93,2.9709337299479475,1.4241030198207725
3,b4fbf9b7505f,11.846509132019571,3.5579244437650552
3,006b8ea102e0,2.607370870690427,2.587945693003107
3,40313cc5b8fc,11.470024671122076,1.4264089096919883
3,5a4da9bcf98e,1.6399666811746645,1.8172334185443377
3,206be778df58,2.663915084300962,1.9143902254595733
3,b4fbf9b74a7f,2.195773393833494,2.6033740778784122
3,547595e2e6cb,8.01127352501832,3.6074724050877953
3,446d57216f69,3.85251074382671,1.4502609389217875
3,b4fbf9e09d3d,7.36212673753962,1.0537512526500554
3,547595e2e6cd,8.65994807653461,3.003017881490965
4,6460f45289ce,3.0382260371499323,3.112223549232675
4,b0fc36f11fd9,1.6325992745774345,1.7033882827760605
4,342387943c93,2.9086870277891994,1.6908718587836893
4,9666c1bcb115,1.913998308296512,1.7055713661465068
4,945330144697,1.9924084955484083,2.2360958753609363
4,8e6c4e9d3fd2,4.353287217851469,2.83532156498985
4,b4fbf9b75b9d,3.031184968038567,1.938964931715944
4,40313cc5b8fc,11.879164265645766,1.883930223532948
4,006b8ea102e0,2.4429818198840185,2.22922814472274
4,5a4da9bcf98e,1.9980695133225987,1.2910914037093366
4,40313ce18e9e,12.324466508126203,3.9525993994636948
4,206be778df58,3.503278175903631,2.483788349609569
4,547595e2e6cb,7.286757212555983,3.990021873230936
4,446d57216f69,3.856188977646328,1.4615010104801387
4,b4fbf9e09d3d,6.241793662326191,2.3405688366140875
4,547595e2e6cd,11.75195067971732,1.9064414416481639
5,342387943c93,3.1775417942393864,1.4473289332457804
5,8e6c4e9d3fd2,2.3520130966106563,1.1825060067910604
5,945330144697,3.2700098796617585,1.4164285887222887
5,b4fbf9b75b9d,3.9230081696868995,1.425577360364964
5,40313cc5b8fc,11.654859084258387,1.5389263550575847
5,006b8ea102e0,2.5922050839166326,2.5776832415254476
5,b4fbf9b74a6f,2.031119151836783,1.2501629211081284
5,b4fbf9b74a7f,1.5227525557663784,1.9196864103521494
5,446d57216f69,3.8330400723233398,1.4372702234629036
5,547595e2e6cb,9.377734573950756,3.0873865934708746
5,547595e2e6cd,11.048452586727203,2.7051309618656774
6,6460f45289ce,3.254463436982162,2.9764304747167007
6,342387943c93,3.1369639491174963,1.4533796368435785
6,b4fbf9b7504f,12.176463444533365,3.0017009236472276
6,945330144697,6.106303713626209,1.453235596463004
6,006b8ea102e0,2.225774685902486,2.2304020886115006
6,40313cc5b8fc,9.013577974097707,1.278249307453499
6,b4fbf9b74a6f,12.08297506146141,4.20596901391764
6,206be778df58,3.5313573175685686,2.496916225294119
6,b4fbf9b74a7f,1.6488954005600447,1.6999667540695047
6,547595e2e6cb,5.83856605669696,3.5484855132377717
6,446d57216f69,3.9776760228683625,1.418426043993279
6,4c49e3c7774f,2.8156767486022187,1.4367789749537478
6,547595e2e6cd,9.332296145064255,2.3492105223531423
6,90f05254a8d8,1.9057984087794064,1.3743690248248264
7,6460f45289ce,3.1698734898164544,2.9237005558854707
7,b4fbf9b7504f,11.968712172925919,3.1814772511385905
7,342387943c93,3.1236894562446955,1.4553811351425823
7,422aabf9fe76,3.13574498539289,2.65401250351724
7,945330144697,4.4740398520341165,1.3471120450833376
7,40313cc5b8fc,11.808573007004394,3.084139595519884
7,006b8ea102e0,2.8091770490460277,2.684997417111004
7,206be778df58,2.6961322228882505,1.9253811983352742
7,b4fbf9b74a7f,2.9954947965845844,1.5911450575159085
7,446d57216f69,2.9681361129545687,1.6871262747193283
7,547595e2e6cb,7.952217141133557,3.6014573024606613
7,4c49e3c7774f,4.059614934123481,1.1761728211472777
7,547595e2e6cd,11.041362954328847,2.7083261615996412
8,6460f45289ce,3.2361724966419425,2.964586951663734
8,342387943c93,3.2131840931159443,1.435055995207704
8,945330144697,3.92381100728534,1.8452540578779804
8,006b8ea102e0,2.2260004023975393,2.2306300079844625
8,206be778df58,3.4715369551487556,2.4694168014238587
8,547595e2e6cb,9.176827283011388,3.6153620833988453
8,446d57216f69,1.91345909224162,1.710093986175087
8,547595e2e6cd,9.315819246286347,2.3556714521575515
9,6460f45289ce,4.392726592981801,4.231039335740098
9,b4fbf9b7504f,12.001909097900656,1.7489152998474766
9,342387943c93,3.1113517849671797,1.4517272603398308
9,945330144697,1.9414327919112564,1.702465095190493
9,40313cc5b8fc,11.563649052012096,2.0623232195442887
9,006b8ea102e0,2.7669377197353873,2.6611129641305515
9,547595e2e6cb,5.923546623149077,3.580984953827998
9,446d57216f69,2.6182947387801683,1.9888463751306762
9,b06ebf3c9a48,4.483107605282408,1.7678173455196893
9,4c49e3c7774f,5.615001949217396,1.697799007412304
9,547595e2e6cd,11.195655744297264,2.569037035263199
10,6460f45289ce,3.0953870526686433,3.164858196283393
10,342387943c93,3.2450879618983888,1.4252721751946018
10,945330144697,1.967151710647772,1.7003663878139283
10,9aa76794dd4f,1.9630919677110075,1.7007572431287008
10,006b8ea102e0,2.3327439755315966,2.2303661200646068
10,40313cc5b8fc,11.517235819946622,1.3789554827352435
10,b4fbf9b74a7d,3.076297248329586,1.5681873399595692
10,206be778df58,2.6207815774561833,1.9031733618357798
10,446d57216f69,3.158810551049448,1.4556390939697408
10,547595e2e6cb,5.81601145265666,3.5395385779339574
10,a28e2d1913cc,5.181924218329001,1.051609902992165
10,4c49e3c7774f,7.787234551421767,1.2313796214123514
10,547595e2e6cd,11.195227189350131,2.569343676941743
11,b4fbf9b7504f,11.734391987540462,2.6738509900964784
11,342387943c93,3.221401433292502,1.433071967174509
11,945330144697,2.1087221142512225,1.8278105839290792
11,3a2cfa7b629a,2.8384597187771345,1.3381152528079674
11,b4fbf9b75b9d,1.9615542862112574,1.7696716371299923
11,006b8ea102e0,2.5704116697625787,2.4552903397234545
11,40313cc5b8fc,10.83861387086342,1.2937226657935719
11,b4fbf9b74a7d,3.359743327511811,1.1806243260890286
11,206be778df58,2.6455113064713416,2.117963954754794
11,547595e2e6cb,9.18154257532322,3.0891201043507786
11,446d57216f69,2.196106574698864,1.6933786583147987
11,a28e2d1913cc,3.3087707048377517,1.1698865329417927
11,b4fbf9e09d3d,6.896810374199329,1.0351590800945338
11,547595e2e6cd,11.821361067545027,1.9519350019637272
11,90f05254a8d8,1.9074717904824665,1.353299229330493
12,342387943c93,3.1515868255079567,1.4419671456967267
12,b4fbf9b75b9d,3.116383767008773,1.5787289411292378
12,006b8ea102e0,2.8228698597261146,2.6932326601633654
12,547595e2e6cb,7.963137899603053,3.5623469297379438
12,446d57216f69,3.9231215465026668,1.4517457946970798
12,b4fbf9e09d3d,6.529708372528502,2.767559355629729
12,547595e2e6cd,11.824984540868297,1.9519159059954259
13,006b8ea102e0,2.584936878168964,2.462316737945807
13,6460f45289ce,3.2362846507256755,2.964718876799929
13,40313cc5b8fc,11.0573890544815,1.297490880959649
13,b4fbf9b7504f,11.961199271254976,4.108275588828349
13,342387943c93,3.2194075886602445,1.42934498923447
13,206be778df58,2.663999884397462,1.9126973467759267
13,446d57216f69,4.354487617919697,1.319287602554648
13,547595e2e6cb,9.480501462652338,2.83203533856704
13,547595e2e6cd,11.326704585883743,2.442295487584708
14,6460f45289ce,3.718595541982989,3.4142106896836344
14,342387943c93,3.193134049534544,1.4355037921335387
14,da1d9c48ca4d,2.4746147793160174,1.6034104294866536
14,006b8ea102e0,2.5658669453192617,2.4530084625145463
14,206be778df58,1.5926534794725302,1.9895864526311628
14,446d57216f69,3.9775145955197937,1.433769037001582
14,547595e2e6cb,9.327904790554502,3.6048060421905506
14,4c49e3c7774f,12.20719254269801,1.5587597001649605
14,547595e2e6cd,11.822418362737928,1.9522790860330772
15,6460f45289ce,3.0818466808278,3.1464478244722196
15,b4fbf9b7504f,12.54639815646152,4.374400525713208
15,342387943c93,3.2272395291204075,1.4291304970884573
15,b4fbf9b7505f,12.180029907545304,1.6109188659109515
15,7a9ef6e18848,8.868905447788542,1.9647081449968005
15,da1d9c48ca4d,6.8181288984545425,1.0457477362822158
15,006b8ea102e0,2.3391064884508515,2.2326362885176376
15,40313cc5b8fc,10.219262222309293,2.2113224002810963
15,206be778df58,4.085995695743598,2.595535022085005
15,446d57216f69,3.963663918195655,1.4316146466067452
15,547595e2e6cb,8.049379606697926,3.5829099898405774
15,547595e2e6cd,9.349016436367101,2.351237020017718
16,6460f45289ce,4.106653281643627,4.482820287040487
16,342387943c93,3.1884622221433374,1.4376180984270017
16,b4fbf9b7505f,11.217521244923624,3.2269456071474902
16,006b8ea102e0,2.5749790812959654,2.457553595494787
16,446d57216f69,3.1705403180658163,1.699125902775238
16,547595e2e6cb,7.99041438983226,3.5860414548144774
16,4c49e3c7774f,11.780133858041435,3.7364054509827573
16,547595e2e6cd,9.38519545682033,2.341062597119634
17,6460f45289ce,3.309816591895988,3.0121902940248195
17,b4fbf9b7504f,12.327939692940948,3.1306429593357104
17,342387943c93,4.031759381383454,2.4942680084244686
17,b4fbf9b7505f,10.630943708241977,2.8764142656919285
17,945330144697,3.070612889076155,1.9406290417722922
17,006b8ea102e0,2.8121182256471515,2.6868227025670195
17,40313cc5b8fc,11.520825032421392,1.3711361260562631
17,547595e2e6cb,8.397244708245767,4.267245208696475
17,446d57216f69,3.0121518915316434,1.6919434561953892
17,4c49e3c7774f,11.803565218202126,2.9306242755381873
17,547595e2e6cd,8.681661462171848,2.9874699818190393
18,6460f45289ce,3.0920936906654175,3.1529574227058723
18,342387943c93,3.5387556315252944,1.4252277129895679
18,945330144697,5.862249310111563,1.9598878076331172
18,006b8ea102e0,2.9416578225452756,2.80932634599179
18,40313cc5b8fc,11.501459718656601,1.3929076752559637
18,b4fbf9b74a7d,2.5413097116095225,1.5833006064489368
18,206be778df58,2.6995377795916164,1.9245886636328882
18,446d57216f69,3.882547113700716,1.446673079739262
18,547595e2e6cb,4.734076185550293,3.1320675863863285
18,547595e2e6cd,7.9373813580117645,3.520110153934646
19,6460f45289ce,3.2553317426751596,2.9772055256684116
19,342387943c93,3.2252197490558587,1.4310473457991348
19,b4fbf9b7504f,12.337560568184712,2.4694343246910315
19,b4fbf9b7505f,11.961742322217614,3.7754479916754278
19,945330144697,1.8144513760330505,1.7072348978669618
19,b4fbf9b75b9d,2.723802401899178,2.2716975534664883
19,006b8ea102e0,2.8039213569158474,2.681845503055656
19,446d57216f69,3.877031943528185,1.4583238977888278
19,547595e2e6cb,9.16710177710426,3.09611197926051
19,b4fbf9e09d3d,6.753720664643273,1.2730547727483548
19,547595e2e6cd,8.731784181449928,2.998005768762121
20,342387943c93,3.149844977144836,1.4440939308049872
20,b4fbf9b7505f,7.893574083161386,0.9195963234294364
20,945330144697,3.825792690039212,1.8329491928050168
20,b4fbf9b75b9d,3.1638254027464727,1.576977106937819
20,006b8ea102e0,2.8147761080235254,2.6883584157091565
20,40313cc5b8fc,11.578302642258631,2.4235016716746243
20,40313ce18e9e,9.00133831318422,3.3225694750845056
20,446d57216f69,3.849988310514877,1.4568050898383373
20,547595e2e6cb,5.805633123600453,3.534851611791657
20,b4fbf9e09d3d,11.274887907524164,3.269526406453335
20,547595e2e6cd,8.676558631345832,3.000472413934952
21,342387943c93,3.2025811521600924,1.4352902836081465
21,b4fbf9b7504f,12.328566665160148,2.466115003034101
21,b4fbf9b7505f,10.898573978468084,2.136399788107168
21,40313cc5b8fc,11.513114427776788,1.400086316116892
21,006b8ea102e0,2.820202101927446,2.691632456330508
21,446d57216f69,3.815374059041032,1.4455559301892547
21,547595e2e6cb,5.648250909278843,3.4008480852053697
21,547595e2e6cd,6.6195724947977554,2.7722618278176765
22,006b8ea102e0,2.8156982635132715,2.688929479741546
22,6460f45289ce,3.254463436982162,2.9764304747167007
22,342387943c93,3.149114079259083,1.446532322474326
22,40313ce18e9e,12.316953169620954,3.9457538663901874
22,206be778df58,4.135189139793482,2.7974635973574262
22,b4fbf9b7505f,10.937340985471788,2.4691783159571083
22,446d57216f69,3.446915079574605,1.5623671024756927
22,547595e2e6cb,8.39632104644776,4.273526458909878
22,547595e2e6cd,9.649170275567549,2.3315246291462697
23,6460f45289ce,2.5718076409162958,2.6775806200978756
23,342387943c93,3.1678809102373555,1.4437002417343963
23,b4fbf9b7505f,12.217154550517131,1.5850185476213503
23,b0fc36f8823d,10.53220611036752,3.372029934264232
23,006b8ea102e0,2.8200010248972354,2.6915254940836766
23,40313cc5b8fc,11.028925181705892,2.335286222506803
23,446d57216f69,3.796896568045618,1.4337940391748998
23,547595e2e6cb,4.627673333717097,3.0924302863422715
23,547595e2e6cd,9.364672851930022,2.3426722562844864
24,6460f45289ce,2.979207306151557,3.063318942123738
24,342387943c93,3.190145444960562,1.4384120628419543
24,b4fbf9b7505f,11.15934542787412,2.63767719088096
24,006b8ea102e0,2.569390799541355,2.4545930615817406
24,40313cc5b8fc,11.065935158733097,1.29435315959995
24,40313ce18e9e,12.29106025310553,3.5635965834278376
24,446d57216f69,3.832474288148656,1.4455027409565961
24,547595e2e6cb,9.350783699368497,3.709956009721975
24,547595e2e6cd,9.311164563321023,2.348152205455879
24,90f05254a8d8,1.9311732946262863,1.3847811189868937
25,342387943c93,3.2042860068520174,1.4387052299331282
25,b4fbf9b7505f,11.66620409210427,1.446681292752788
25,92f521ace857,7.3172254212805665,2.900192770707447
25,945330144697,2.985386143658491,1.3658956870229473
25,006b8ea102e0,2.7947764804999244,2.6763813143334643
25,b4fbf9b74a7d,6.452575273734846,2.779993026567073
25,446d57216f69,3.8034069593325293,1.4479365127832813
25,547595e2e6cb,9.36844667404105,3.1750414765877806
25,547595e2e6cd,11.043635166656387,2.705950283533741
26,342387943c93,3.113844816329211,1.4560089656883275
26,b4fbf9b7504f,11.723027942617595,3.125033246624751
26,b4fbf9b7505f,12.218810372421553,1.5687444173004903
26,945330144697,2.9914175193996657,1.7119063655251958
26,7a9ef6e18848,9.484212647341392,2.783120576627506
26,006b8ea102e0,2.8033336268973645,2.681492574946683
26,40313cc5b8fc,10.7575632276692,2.0986510071366897
26,b4fbf9b74a7d,2.552904230405451,1.351434853383197
26,446d57216f69,3.897403148434768,1.4412875604348427
26,547595e2e6cb,9.35268647253562,3.5867526259475544
26,b4fbf9e09d3d,7.108373083898589,1.3060273879961506
26,4c49e3c7774f,6.907418884111406,1.0331857238237743
26,547595e2e6cd,7.993562793735514,3.501281134766656
27,342387943c93,3.0937364384762516,1.4594547593964584
27,b4fbf9b7505f,12.219109172559808,1.5759756930747468
27,945330144697,4.6040786146618125,2.201532569408959
27,7a9ef6e18848,7.952400175871304,2.732262594371765
27,b4fbf9b75b9d,3.104248914051637,1.9528707707539967
27,006b8ea102e0,2.8134436785861654,2.6875543043576293
27,446d57216f69,4.462716090634418,1.3275131854859539
27,547595e2e6cb,7.882803731538255,3.5996133073809737
27,b4fbf9e09d3d,6.250875825941782,2.3429876491764845
27,4c49e3c7774f,11.89053839188951,2.474201355310333
27,547595e2e6cd,8.599133032506513,2.9956368097344686
28,342387943c93,3.197355093456941,1.5622870075049011
28,b4fbf9b7504f,12.039145982399784,2.45948413599651
28,b4fbf9b7505f,12.330228403100877,2.1532926125556555
28,945330144697,5.880258839031075,2.3754750870137253
28,b0fc36f8823d,4.284450112853328,2.380379197868508
28,b4fbf9b75b9d,3.897988217477572,1.4296774155313958
28,006b8ea102e0,2.808806490631446,2.6847763993845977
28,40313ce18e9e,10.51264218020972,3.3425827109041073
28,446d57216f69,2.821805522888875,1.5701684166486443
28,547595e2e6cb,9.034594762459394,2.5336827033817646
28,b06ebf3c9a48,7.617452238916445,1.3138753521620157
28,547595e2e6cd,7.962420442835039,3.4888149896853475
29,6460f45289ce,3.7286697686511667,3.4203146572008087
29,342387943c93,3.1838001792214357,1.4420406392240785
29,b4fbf9b7504f,12.562707286264157,4.017273134907864
29,b4fbf9b7505f,12.220683198044135,1.5562209923103494
29,945330144697,6.101859866651328,1.4436731405791867
29,006b8ea102e0,2.5757847828013203,2.457849289368783
29,40313cc5b8fc,11.615246697556973,1.5520440053435312
29,446d57216f69,3.876123256030269,1.447984882211812
29,547595e2e6cb,9.33093497796901,3.726426610962157
29,547595e2e6cd,7.965993642717999,3.4992293512075325
30,342387943c93,3.1627021287829264,1.4465085216267428
30,b4fbf9b7505f,12.219109172559808,1.5759756930747468
30,945330144697,5.601378131194607,1.1756293344620958
30,006b8ea102e0,2.3319566942573067,2.2299989735228936
30,446d57216f69,3.53385075635365,1.57153053941307
30,547595e2e6cb,5.8575657130889045,3.556089579949494
30,b06ebf3c9a48,8.265444965629246,1.317308067578319
30,547595e2e6cd,8.647386039697533,2.991827418236107
31,342387943c93,3.082668732564488,1.5785822305832395
31,945330144697,4.8201588946443525,3.999929561941754
31,006b8ea102e0,2.2302710881220587,2.2323853285478976
31,40313cc5b8fc,12.060002637891984,2.599728667408028
31,446d57216f69,2.761007408814145,1.583545543122896
31,547595e2e6cb,9.320430364267056,3.130625324835311
31,8825936c0e4d,10.652749898710724,3.540452462954918
31,547595e2e6cd,8.72977551180613,2.9940799133211664
32,fe347eb109cb,12.302645065485361,2.5177322159078486
32,342387943c93,3.1527035919111235,1.4497655778413403
32,945330144697,5.3422776504839025,1.5666424186622072
32,006b8ea102e0,2.78240033968267,2.669281278085426
32,40313cc5b8fc,10.935886794212806,1.2681336037361712
32,a6ce5bac98a5,10.725981080791211,3.46874029834175
32,446d57216f69,2.924856465728465,1.6926164314622356
32,547595e2e6cb,4.925103219717752,3.0365948445497692
32,4c49e3c7774f,3.112134428694503,2.0846289578237602
32,547595e2e6cd,6.6609531260809565,2.770842548451224
33,fe347eb109cb,7.751533161933169,1.4235395201543244
33,c49dedaadd2f,1.5555137377399229,1.2078187051472393
33,b4fbf9b7505d,12.219547985206297,1.5556683578431656
33,342387943c93,3.016623014288876,1.6865765510362527
33,945330144697,3.909154219559303,1.4427440704358196
33,006b8ea102e0,2.7922177966779023,2.675026546975092
33,b4fbf9b74a7d,2.1746740266885047,1.5823998470652942
33,547595e2e6cb,4.926220201338467,3.037574857396586
33,446d57216f69,1.930695400281576,1.714024677530352
33,547595e2e6cd,8.60996438460849,3.0007588489885033
34,c49dedaadd2f,7.287211134345469,3.7726801895991864
34,b4fbf9b7505d,11.990042436958607,1.762661720803868
34,342387943c93,2.9726105835087635,1.6846914108731565
34,b4fbf9b75b9d,2.5349132259762266,2.107685270103169
34,40313cc5b8fc,11.571402381973702,2.0987870536294864
34,006b8ea102e0,2.815452975914313,2.6887702047079722
34,b4fbf9b74a7d,3.3439224598417723,1.1859844057833353
34,40313ce18e9e,12.316953169620954,3.9457538663901874
34,206be778df58,3.34093491220443,2.3501334894010113
34,547595e2e6cb,5.854867431018239,3.555600339673984
34,446d57216f69,2.8373777594872176,2.3294381842705354
34,b4fbf9e09d3d,7.3720313692860096,1.0501872563458927
34,547595e2e6cd,7.91266559675557,3.5114497138297933
35,342387943c93,2.388764845527918,1.5782310162692945
35,b4fbf9b75b9d,3.1555875877801496,1.5826137781657095
35,006b8ea102e0,3.2174754784459783,2.9536848532289603
35,547595e2e6cb,4.536825463178074,3.0512640311326558
35,b4fbf9e09d3d,6.403629499779479,2.6335631052518393
35,4c49e3c7774f,3.971056775060246,1.4510588308582575
35,547595e2e6cd,6.594732525316818,2.769747666114306
35,0645c5c44b13,11.908089160262335,2.644664419663263
36,6460f45289ce,3.0488779632333043,3.1184511318094876
36,342387943c93,2.396276487649611,1.5824574057025376
36,006b8ea102e0,2.9646289786662137,2.8244159270666946
36,40313cc5b8fc,10.442566074847274,1.6219526189355322
36,206be778df58,2.3740389760600826,2.2153916656046166
36,547595e2e6cb,3.4991718743306386,2.4872169013791616
36,446d57216f69,2.141437131528521,1.5889006741773057
36,4c49e3c7774f,3.8664508042406798,1.856335701746078
36,547595e2e6cd,7.972586974468937,3.4967876577526456
37,6460f45289ce,2.442307125152325,2.2280114019484936
37,342387943c93,2.7544031287648023,1.5760578610466067
37,40313cc5b8fc,10.907647898624774,1.2744551454322932
37,006b8ea102e0,2.8046321767797475,2.6822665527309475
37,206be778df58,1.6099310275920606,1.9912569306943266
37,547595e2e6cb,4.554284007655374,3.0579433099893656
37,00aabbccddee,2.975419816414985,2.5824485945611286
37,4c49e3c7774f,6.715306218847459,1.8331962588788975
37,547595e2e6cd,7.976690985303152,3.4980649616319264
38,6460f45289ce,5.206239073388124,4.390858501236719
38,342387943c93,2.99971503613456,1.683518083101791
38,945330144697,5.060676422054676,3.195419376914398
38,006b8ea102e0,2.7871487200790312,2.672068392273849
38,40313cc5b8fc,11.63765747034616,1.4845973351834303
38,206be778df58,1.6154072339578889,1.9909236291955474
38,446d57216f69,2.939973991484396,1.6827541670820012
38,547595e2e6cb,3.52100278238824,2.4949557764866865
38,547595e2e6cd,8.665064633631605,2.993243275273497
38,90f05254a8d8,2.0052551571189383,1.2706778894522777
38,b8ee6568d217,12.280956375476283,3.518763874793167
39,40313cc5b8fc,11.66266083044368,1.530743546885092
39,006b8ea102e0,2.7810469029261315,2.668355519409648
39,40313ce18e9e,12.269871006184893,3.4103593459147112
39,342387943c93,3.1820212833780888,1.4406137323699448
39,547595e2e6cb,4.545287385525452,3.0546311730381186
39,446d57216f69,2.374686225399529,1.8182214591554837
39,ae703b85bce6,6.869357643539309,1.0426402371433459
39,945330144697,4.367010776009708,1.3311828296116792
39,547595e2e6cd,8.63299769112666,3.003820042419081
39,b8ee6568d217,12.376170495716782,2.8033789267958573
40,006b8ea102e0,2.8078340745014305,2.6842138821410666
40,40313cc5b8fc,11.671459758934258,1.5322339866005434
40,342387943c93,3.023986824427458,1.6724267409300568
40,547595e2e6cb,4.641737835843164,3.0918983297886853
40,446d57216f69,2.9795727273528914,1.7006928633854699
40,945330144697,3.0509369261876946,1.702534536459242
40,547595e2e6cd,7.963883629243266,3.5003813913384336
40,b8ee6568d217,9.238446369910552,1.8721935765877344
41,b4fbf9b7505d,12.220713999017196,1.5666261869325369
41,342387943c93,3.1624090995047753,1.4389594842684441
41,945330144697,3.8727877998642604,1.4445868900900516
41,006b8ea102e0,2.956468149818621,2.8189181642983803
41,b4fbf9b74a7d,2.517714381624756,1.5892294543454906
41,206be778df58,2.6995377795916164,1.9245886636328882
41,547595e2e6cb,6.675205023621588,2.7421643747565185
41,446d57216f69,3.065900649129001,1.6841208895659983
41,547595e2e6cd,8.66778723858166,2.9918928996948297
41,b8ee6568d217,3.361659692061875,1.1890797592430051
42,342387943c93,3.878417264875693,0.9316673571482746
42,b4fbf9b75b9d,2.7332765926325373,2.278121579459799
42,006b8ea102e0,2.938453679876529,2.808125630484486
42,40313cc5b8fc,12.318751281786842,2.2728893412235323
42,b4fbf9b74a7d,6.587568317709111,2.1630564698804315
42,206be778df58,3.46003627722391,2.4736947119179375
42,547595e2e6cb,4.553883208126786,3.0599888601820338
42,446d57216f69,2.783908461043696,1.5642303077954356
42,b4fbf9e09d3d,6.923921078527746,1.0367023720504682
42,547595e2e6cd,8.593045108610331,2.9958286632562183
43,006b8ea102e0,2.599553781647449,2.582218576450718
43,40313cc5b8fc,11.526511749161198,1.3852827365236506
43,342387943c93,3.3786785758436366,1.170881078294258
43,547595e2e6cb,3.4671820749018227,2.4712878862215546
43,446d57216f69,2.4353561551065237,1.5722913635608715
43,b4fbf9e09d3d,12.275356865048682,3.180528890572085
43,547595e2e6cd,8.78274076955686,2.9945824484596955
43,b4fbf9b75b9d,3.1935154663744165,1.5717369331671511
44,006b8ea102e0,2.57490066293017,2.457934701191506
44,342387943c93,3.352747203183416,1.1673218644340744
44,446d57216f69,2.8843281952916633,1.3678792023836197
44,547595e2e6cb,7.4012286870549255,3.7503987099018765
44,547595e2e6cd,11.679253032149107,2.3238678552718244
45,6460f45289ce,2.9960633409631154,3.0728389934905005
45,342387943c93,3.3604481819939114,1.165188650504786
45,006b8ea102e0,2.5858368731990673,2.4630162517292593
45,40313cc5b8fc,11.690536743065097,1.5196516591117077
45,206be778df58,3.4874437787439945,2.4779619460024453
45,446d57216f69,2.788522463047708,1.4241736366850368
45,547595e2e6cb,7.973795869745507,3.5980263162254777
45,547595e2e6cd,9.361308984462472,2.3367193052710498
46,342387943c93,3.345081216100642,1.1802953333056334
46,006b8ea102e0,2.9409954779765486,2.809586916480395
46,446d57216f69,2.1619666230222463,1.5791738912467443
46,547595e2e6cb,6.459691229726343,2.7903052735806715
46,4c49e3c7774f,12.138050126482272,3.2632945671516707
46,547595e2e6cd,8.608823979847333,2.9967655904878727
47,342387943c93,3.1125557022143964,1.173729855789013
47,945330144697,3.298940246890264,2.858032236326818
47,006b8ea102e0,2.9690228812549115,2.8284395279495733
47,40313cc5b8fc,11.673804406642818,1.5375485159585338
47,ca505a59e1bb,12.334887827908576,2.3157540462797903
47,b4fbf9e09d2f,2.8499934505782267,2.335860100752104
47,446d57216f69,2.446182253996328,1.563451911671321
47,547595e2e6cb,6.438743195416617,2.7856940418567993
47,b06ebf3c9a48,7.874327188689127,1.316512907182801
47,4c49e3c7774f,12.296484602866446,3.3865581381003844
47,547595e2e6cd,6.556358190246984,2.771756537942546
48,b4fbf9b7505d,11.043484535045588,2.715168813333488
48,342387943c93,2.9087695675532874,1.0484654450556716
48,945330144697,5.320714143726519,1.5546344596982413
48,006b8ea102e0,3.293064897374158,3.0026594585206627
48,40313cc5b8fc,11.63482890670068,1.5130365423347172
48,b4fbf9b74a7d,4.553717854290823,3.063747863302535
48,446d57216f69,3.85251074382671,1.4502609389217875
48,547595e2e6cb,11.036304509907247,2.715150100200457
48,8825936c0e4d,4.849553668877517,1.6214944701851701
48,547595e2e6cd,6.553177423625083,2.7687916731178652
49,b4fbf9b7505d,12.223524934016137,1.5850127255670883
49,342387943c93,2.7244219081289773,1.298222487526964
49,945330144697,5.330336464692099,1.5683138788343356
49,006b8ea102e0,3.285377884091405,2.9971322522733064
49,b4fbf9b74a7d,7.213817684391788,2.916993285771299
49,446d57216f69,2.4124722479309817,1.5759058045160703
49,547595e2e6cb,7.92561722182875,3.572012909716424
49,b4fbf9e09d3f,7.634093908603904,1.0435966070082208
49,547595e2e6cd,6.433407785764863,2.785121843924885
49,90f05254a8d8,1.9387589614962286,1.307945135483859
50,6460f45289ce,3.0384570276224423,2.8767802967184393
50,342387943c93,3.2102128276099773,1.433287749287801
50,945330144697,5.066949041239651,1.7179483740185586
50,b4fbf9b75b9d,3.07429756672161,1.9458501092784992
50,006b8ea102e0,3.2254989793871736,2.9579499097281383
50,b4fbf9e09d2f,3.3698472108184907,2.474372259257513
50,446d57216f69,2.968698408020737,2.2388250873884914
50,b4fbf9e09d3f,6.252539566309512,2.119527724018226
50,547595e2e6cb,6.458849333890715,2.7652964472827395
50,547595e2e6cd,7.966779842207006,3.499898178950294
51,6460f45289ce,2.9579591693077028,3.0461889481751294
51,342387943c93,2.964414746566473,1.7027555339617437
51,945330144697,2.36851284826692,1.599036833036382
51,b4fbf9b75b9d,3.9573777872866196,1.4282123729454756
51,006b8ea102e0,3.1778366894559777,2.928598642544791
51,40313cc5b8fc,11.671447659261721,1.5329731824760213
51,446d57216f69,3.8342620146459323,1.4491373739733413
51,547595e2e6cb,4.714704016912223,3.1277019713621685
51,547595e2e6cd,8.667435838147739,2.992462128609257
52,342387943c93,2.9439452554987477,1.710376770770804
52,945330144697,2.356764578532503,1.6012392427510425
52,7a9ef6e18848,9.719485571692207,1.736567745616072
52,006b8ea102e0,2.8131488625390197,2.6882956558117512
52,b4fbf9e09d2f,2.438693379784524,1.4781090758309343
52,446d57216f69,3.8695157893727288,1.4400986731545224
52,547595e2e6cb,12.111917120399873,2.7281697372824474
52,4c49e3c7774f,12.299586369769655,4.2604110871086425
52,547595e2e6cd,6.646563979042381,2.7716801487809146
52,262837630f02,4.466294111251466,1.0223447917000754
53,6460f45289ce,2.977575277196327,3.0598298694008177
53,342387943c93,3.109597082193255,1.7074231175714778
53,945330144697,3.041013851607783,1.7011268966158692
53,1a4e44cc5143,2.0666655517332857,1.4501452694676258
53,006b8ea102e0,2.8234075847162403,2.694438588637696
53,40313cc5b8fc,9.782908857970618,1.46458772897662
53,547595e2e6cd,11.054962979599633,2.700631405490729
53,262837630f02,6.886373053675182,1.037185257081917
54,342387943c93,2.3382613780361248,1.596964171204454
54,945330144697,2.470003894712967,2.0565796750977605
54,1a4e44cc5143,3.5517151179198874,1.43089037506964
54,006b8ea102e0,2.9854747887410396,3.069943454934669
54,40313cc5b8fc,10.737688873104908,1.3674410675202513
54,40a5ef403f6f,1.9012956153890537,1.6034110189766213
54,40313ce18e9e,3.385964771689811,2.3353199428985985
54,b4fbf9e09d2f,3.9359679692838583,1.4378645058148698
54,446d57216f69,12.311846304988572,3.947700206196412
54,547595e2e6cd,10.764107678620116,2.597196278062329
55,6460f45289ce,3.262883822762056,2.983460083431854
55,342387943c93,2.6235281116724245,1.989801307087602
55,1a4e44cc5143,2.005543012921171,1.2786176196451366
55,40a5ef403f6f,5.603215079168168,1.692186049333713
55,006b8ea102e0,2.9607208588587737,3.0487102118257194
55,206be778df58,3.2422180843527535,2.247841847688664
55,446d57216f69,3.9286278968738344,1.4367357232217066
55,547595e2e6cb,10.132202478128224,3.09807749032912
55,547595e2e6cd,6.646896402119472,2.769252065496947
56,6460f45289ce,2.5541719269726526,2.110930217803237
56,b4fbf9b7505d,12.219950388961653,1.5683304280805874
56,342387943c93,3.301606132385336,2.3304855216613802
56,40a5ef403f6f,7.100342346303205,0.9216889989445087
56,006b8ea102e0,2.9638600000331934,3.051367524859133
56,40313cc5b8fc,11.65638105201446,1.524496039404946
56,b4fbf9b74a7d,2.4903981268011837,1.59725805064252
56,206be778df58,1.6208414547697754,1.9907615776617515
56,b4fbf9e09d2f,2.8626364641798565,2.216350094208459
56,446d57216f69,3.0789507507939913,1.6864193879028986
56,4c49e3c7774f,6.971515835124034,1.0259979596818145
56,547595e2e6cd,6.651208081398181,2.7674235618654865
57,6460f45289ce,2.2892204673713623,2.1015974531834254
57,b4fbf9b7505d,11.985873821243924,1.7788151683790465
57,342387943c93,3.1209317086919452,1.7079807690685664
57,b4fbf9b75b9d,2.409879462764241,2.2165782992691128
57,006b8ea102e0,2.8017600756055447,2.68217897408986
57,b4fbf9b74a7d,3.0010172231198324,1.0884333753859743
57,206be778df58,4.170649938026125,2.50231357918563
57,446d57216f69,3.4723796998368366,1.5508450461975354
57,547595e2e6cb,9.24021072973734,3.058125307901445
57,4c49e3c7774f,6.9424364199029505,1.0309282960798445
57,547595e2e6cd,8.043091417393548,3.520561111003073
58,6460f45289ce,3.7214965843506365,3.6850388467259854
58,342387943c93,3.1405161827124393,1.7062524731408135
58,b4fbf9b75b9d,3.1934755812457936,1.5751283882530167
58,006b8ea102e0,2.81509549937154,2.68952147438984
58,40313cc5b8fc,11.697575501870475,2.1776991437220232
58,40313ce18e9e,12.318310393216379,3.9444298065730816
58,b4fbf9e09d2f,6.274301844895231,3.7299543122371723
58,446d57216f69,2.4022166308914437,1.4897937206750265
58,547595e2e6cd,6.54683196203899,2.7734608173287416
59,6460f45289ce,3.044009913905148,3.11366953940875
59,342387943c93,2.974391322875614,1.7073075927531045
59,006b8ea102e0,2.7992008380342823,2.6801059982169617
59,40313cc5b8fc,11.669989740205093,1.5105074055416856
59,547595e2e6cb,9.443120514345248,3.135152290324861
59,547595e2e6cd,8.002408632733951,3.505060575930908
60,342387943c93,2.999916160976497,1.7023647865244036
60,945330144697,3.2080148876794143,1.7030592604766863
60,006b8ea102e0,2.7914628885539154,2.6752641744839636
60,40313ce18e9e,12.316953169620954,3.9457538663901874
60,446d57216f69,1.9124550815902497,1.8117731652944067
60,b06ebf3c9a48,8.26250203449926,1.5738129206782823
60,547595e2e6cd,8.008091504286027,3.511597530904022
60,7e8774fcf0f5,11.869252219301261,3.1116669111458424
61,342387943c93,3.1608219903243255,1.70731512566721
61,945330144697,5.33247494878001,1.5731780231056862
61,006b8ea102e0,3.1803778408208863,2.930118976930502
61,40313cc5b8fc,11.579994707388487,2.435079949928189
61,547595e2e6cb,9.244423187594403,3.1882437853801813
61,446d57216f69,4.321014489967314,4.706217844185283
61,8825936c0e4d,12.57236528067564,4.449719076202689
61,547595e2e6cd,8.68059881831756,3.002346305552744
62,6460f45289ce,3.243783561529546,2.969540654143713
62,342387943c93,2.1549262125047495,1.5865606046062544
62,945330144697,1.909673467205225,1.9165434346915493
62,006b8ea102e0,3.1897418592503968,2.935900571926053
62,40a5ef403f6f,4.306303196538976,2.1941089830570943
62,40313cc5b8fc,11.659749397422733,1.5360163477813031
62,206be778df58,1.6157820869076027,1.991953226589137
62,547595e2e6cd,7.9048508393192805,3.513396133939891
63,342387943c93,2.9798594363073403,1.7035284013754444
63,b0fc36f11fd9,6.554576152595627,4.918563458760972
63,945330144697,12.287019958451783,3.5578056830546294
63,40a5ef403f6f,4.683724563185995,2.8012802476074894
63,006b8ea102e0,2.8262980379288822,2.6953250509074698
63,547595e2e6cb,9.361287324036429,3.703372424592951
63,547595e2e6cd,6.625538578872517,2.7695375306338983
64,a44e31dd8a2c,3.525829989526329,1.4200218269521323
64,b4fbf9b7505d,12.222132163870477,1.5632640898479102
64,b0fc36f11fd9,3.1093099805228865,1.5709593886716486
64,342387943c93,3.2098727182139926,1.3125303366049685
64,40a5ef403f6f,6.406700545787942,1.2992018493617976
64,40313cc5b8fc,11.557343528257759,2.0694610063237997
64,006b8ea102e0,4.808297063467408,3.998950426131331
64,b4fbf9b74a7d,2.1682357992684027,1.5917941721064117
64,40313ce18e9e,10.47840926560168,3.3285058478360714
64,206be778df58,1.6098847953910416,1.9904355625651653
64,b4fbf9e09d3f,6.407577428305825,1.317521163348704
64,547595e2e6cd,6.581966488163307,2.773972702578794
65,a44e31dd8a2c,9.804520063024624,1.813334642077944
65,6460f45289ce,2.7847239835338824,2.671413071230735
65,342387943c93,3.4437996692413986,1.1608095782206285
65,b4fbf9b75b9d,2.8925844114949966,2.1826092427036405
65,006b8ea102e0,2.7877336872244594,2.6730505034458316
65,40a5ef403f6f,4.408589876387651,1.30774307247197
65,b4fbf9b74a7d,7.795852161046529,2.620347019670622
65,206be778df58,2.6813683840058076,1.9176050525502313
65,b4fbf9e09d2f,3.247078859598421,1.1811517266633724
65,547595e2e6cb,9.19674496501316,3.218147285871092
65,446d57216f69,3.135196327553575,2.606805528988981
65,b4fbf9e09d3f,12.254949167078895,2.657688299646892
65,547595e2e6cd,7.9718792067247755,3.509157320954606
66,342387943c93,3.370641811957417,1.1698858627142275
66,b4fbf9e09caf,4.7164913552152505,4.702951254938319
66,b4fbf9b75b9d,3.2691832932204243,1.6827215071753305
66,006b8ea102e0,2.587413009394753,2.6913259643716945
66,40313cc5b8fc,11.572998715069899,2.0745816297086717
66,40a5ef403f6f,1.648868711153123,1.7091227841078271
66,446d57216f69,2.5341082843371736,1.3632627642148614
66,4c49e3c7774f,7.448313344803417,1.02174230178069
66,547595e2e6cd,7.937604852199929,3.510108045542389
67,6460f45289ce,3.254463436982162,2.9764304747167007
67,342387943c93,3.8291991170071187,0.9350338082843177
67,006b8ea102e0,2.9373997979362225,3.0404507270280434
67,40313cc5b8fc,10.953012496736678,1.37112895087535
67,40a5ef403f6f,6.42888323330125,1.3044748058123985
67,b4fbf9e09d2f,3.529923818338832,1.814437148184619
67,b4fbf9e09d3f,6.67961740421823,1.8114825299788282
67,446d57216f69,2.0005629092872046,1.6992272542202407
67,547595e2e6cb,9.190266447499596,3.5982536134767003
67,4c49e3c7774f,9.110826783228035,1.4284998001504199
67,547595e2e6cd,6.649830227911225,2.7617151782109683
68,342387943c93,3.962233777729013,1.0517829072488136
68,945330144697,1.9146222724933872,1.9167066037504736
68,006b8ea102e0,2.965543104678042,3.059206912493221
68,40a5ef403f6f,3.596974246197964,1.420949169811643
68,40313ce18e9e,12.309462089042551,3.92798296198225
68,b4fbf9e09d3f,6.962631784050487,1.0331505107445709
68,00aabbccddee,6.392410928013798,4.539027270892015
68,4c49e3c7774f,7.695158582057103,1.007947463985861
68,547595e2e6cd,6.645063222652572,2.7664178631232046
69,6460f45289ce,3.253618714723883,2.9756117843871426
69,342387943c93,3.6368870115135903,1.051308472555094
69,945330144697,3.257125712421323,1.6905350672969133
69,006b8ea102e0,2.9540994827600215,3.052237207291362
69,40313cc5b8fc,10.852516772367647,2.012906740495317
69,40a5ef403f6f,6.672074901151715,1.4267435752729998
69,40313ce18e9e,12.297555021997777,3.9111289126530937
69,206be778df58,2.65971294443933,1.9127734459310015
69,b4fbf9e09d2f,2.792521318874826,1.820371023134329
69,446d57216f69,12.32736545358659,3.9622502701538487
69,b4fbf9e09d3f,6.671463512469659,1.1671213848110205
69,547595e2e6cd,7.954089361521041,3.495589053021007
70,6460f45289ce,3.020976871136671,3.0940546348761986
70,342387943c93,3.9173599235330085,0.94014289879753
70,945330144697,5.6028845641221166,1.9764611730452355
70,006b8ea102e0,2.589802303910453,2.691729585631376
70,40313cc5b8fc,11.866700642321499,1.8698460981142198
70,40313ce18e9e,12.300430899192927,3.918582337533451
70,206be778df58,3.4918167754639464,2.4827284748457137
70,b4fbf9e09d3f,11.2671429668152,2.577902809127029
70,b06ebf3c9a48,2.9553094813833116,1.1699520956675116
70,547595e2e6cd,6.651435960909857,2.766510020443414
70,b4fbf9e0d24f,3.21280186534388,1.4304032812195837
71,6460f45289ce,3.0698572965741855,3.140382275045786
71,b4fbf9b7505d,11.059009399962783,2.703992961677028
71,342387943c93,4.096591444244425,1.057876266807255
71,945330144697,6.127164439043764,1.457539619597007
71,006b8ea102e0,2.947987671126172,3.0483947752887763
71,b4fbf9b74a7d,4.6716497672178185,3.113092066413549
71,206be778df58,3.5226359638718083,2.493168937174765
71,b4fbf9e09d2f,2.90496937620383,1.362333698456839
71,446d57216f69,3.04115408964461,1.7020718118124505
71,b4fbf9e09d3f,6.816514060618548,1.2686852250520961
71,547595e2e6cd,7.99536794000812,3.4964261366746205
72,b4fbf9b7505d,12.222767959381384,1.579227881592917
72,342387943c93,3.5941842831201667,1.0425241185259388
72,945330144697,5.315864732879488,1.578029242773416
72,006b8ea102e0,2.9472985684265143,3.0435143012330896
72,40313cc5b8fc,10.4267205581978,1.6281392415728486
72,b4fbf9b74a7d,4.2129901295324705,2.2716449743322347
72,206be778df58,7.358128468520809,4.006243296040852
72,40313ce18e9e,12.296490392395487,3.9131856500576254
72,446d57216f69,3.3158491973145594,2.1176217258697196
72,b4fbf9e09d3f,7.777975698414392,1.2561126846388593
72,547595e2e6cd,9.291436337456854,2.3564017281681746
73,6460f45289ce,2.979207306151557,3.063318942123738
73,342387943c93,3.714500041471988,1.0506240850035586
73,945330144697,4.465331752412992,1.3248315944139106
73,b4fbf9b75b9d,3.113361113840181,1.9562546504093064
73,40313cc5b8fc,11.944695692988454,2.7356721994743105
73,006b8ea102e0,2.9341399975517843,3.032208412105984
73,206be778df58,2.6942399720051826,1.9255057399941
73,b4fbf9e09d2f,3.932299144360168,1.4286435796878414
73,547595e2e6cb,10.766771466342325,2.423840177859996
73,b4fbf9e09d3f,6.946431458191251,1.0331382119106092
73,fa9b14d6c9f5,2.72735964708854,1.4558095876495032
73,547595e2e6cd,6.591009882071188,2.7770118432892987
74,342387943c93,7.372358096914138,1.0505764817628658
74,945330144697,5.339806012843258,1.561530593325355
74,b4fbf9b75b9d,3.914418488229798,1.433780350323563
74,006b8ea102e0,2.8111388496758094,2.6872358699611882
74,40313cc5b8fc,9.729958233530919,1.447537876200161
74,40313ce18e9e,12.333076829884682,3.9695313590202383
74,446d57216f69,1.9910173523788677,1.6961647929062584
74,fa9b14d6c9f5,1.9732193864221688,1.289906884636764
74,547595e2e6cd,6.657974548171909,2.7723073071600455
75,6460f45289ce,3.2361724966419425,2.964586951663734
75,342387943c93,3.8926417250063823,0.9347528297602108
75,945330144697,2.9329650364199837,2.5407565609682536
75,006b8ea102e0,2.8112097119674027,2.6879863964976765
75,40313cc5b8fc,11.688668889235553,1.6549647172433857
75,206be778df58,2.6426786887720555,1.9105735685349055
75,446d57216f69,3.449704432676091,2.128511884113582
75,547595e2e6cb,10.814281018726742,2.017723570906479
75,b4fbf9e09d3f,7.632664304200449,1.0462584149468002
75,547595e2e6cd,6.5097594752977015,2.7778545255126508
75,90f05254a8d8,1.9219793889876973,1.3147568999801678
76,6460f45289ce,3.2053983978858316,2.9460577930085154
76,342387943c93,3.6848815153317136,1.0511506761035436
76,945330144697,5.33732384698316,1.5652734475140173
76,006b8ea102e0,2.59518409232681,2.6971549214137567
76,206be778df58,5.819685466953194,3.457698767476209
76,b4fbf9e09d2f,3.1442070790919754,3.781134723686674
76,446d57216f69,3.360305843350403,1.99646831300303
76,4c49e3c7774f,11.873766440523307,2.57532771005525
76,547595e2e6cd,6.484976970091154,2.7697862301146703
77,342387943c93,3.4270342611118143,1.1499109706783175
77,6ef0f0b1896a,12.341113694898501,2.3244307073415063
77,006b8ea102e0,2.952220073617719,3.051294150273263
77,40313cc5b8fc,11.558219857008984,2.0773550277800927
77,b4fbf9e09d2f,6.690348190235007,1.8349808233882303
77,446d57216f69,2.425371390287489,1.5806582120420554
77,547595e2e6cb,9.901849516143221,2.137029113847623
77,b4fbf9e09d3f,7.226366975095301,1.4434316188746827
77,4c49e3c7774f,11.898335152872633,2.1718241959247897
77,547595e2e6cd,6.596555774142985,2.770677909911007
78,342387943c93,3.5748733730842224,1.037565721465566
78,c20fe5086494,9.220641082065212,3.9503119601538588
78,b4fbf9b75b8f,1.873895917358175,1.1761797864101764
78,006b8ea102e0,2.952582993536635,3.047643530673618
78,40313cc5b8fc,11.643086286762607,1.5462360454428874
78,40313ce18e9e,12.27672317240034,3.2020236523459333
78,446d57216f69,3.067721012045144,1.4558116266178078
78,547595e2e6cd,7.934879370172424,3.5183432871572737
79,b4fbf9b7505d,12.219103482304483,1.584983798191307
79,342387943c93,3.6536134255642874,1.0476662996119457
79,b4fbf9b75b8f,12.029917387837786,1.6098446291322106
79,006b8ea102e0,2.9406934354674985,3.0407984053058033
79,b4fbf9b74a7d,2.5107909040935223,1.5925774165921445
79,446d57216f69,3.0243886835888043,1.4643710050747285
79,547595e2e6cb,10.720369549096189,2.057120106363773
79,547595e2e6cd,6.486427786085519,2.7786592322619095
80,b4fbf9b7505d,12.224654005917294,1.5577554533442655
80,342387943c93,3.6371374902319706,1.0468029998042399
80,b4fbf9b75b8f,1.797280767717762,1.703105867214929
80,006b8ea102e0,2.796616359742811,2.6796842704983983
80,40313cc5b8fc,9.986479509291136,1.8181876497674234
80,b4fbf9b75b9f,2.524856598132481,2.1029235847314554
80,40313ce18e9e,12.284240429348692,3.505502432917786
80,446d57216f69,3.0610962027427275,1.4516221902384467
80,547595e2e6cd,8.65685624812839,3.007710404724229
81,6460f45289ce,3.020976871136671,3.0940546348761986
81,342387943c93,3.565381445070995,1.0394704555326493
81,945330144697,2.610816213563531,1.4865403740636318
81,b4fbf9b75b8f,3.2669673359840545,1.179895319527993
81,b4fbf9b75b9f,6.392287902617449,4.569194011164497
81,006b8ea102e0,2.9511393339463723,3.051065758470682
81,40313cc5b8fc,11.407527455859894,2.193973380053471
81,206be778df58,2.6471137788617884,1.9094272946524415
81,446d57216f69,3.4327779643827903,1.5758502054784405
81,547595e2e6cb,10.071636687741051,3.2253307021607145
81,b4fbf9e09d3d,6.705223252517795,1.4210181005189428
81,547595e2e6cd,7.942487771799612,3.509328032222311
82,342387943c93,4.925061808656715,1.7446599985256879
82,945330144697,4.438525008183449,1.3399376267891534
82,006b8ea102e0,2.558584497454271,2.668968916504806
82,40313ce18e9e,12.293680373795345,3.9075896868309417
82,446d57216f69,3.4798509742621535,2.000885030289254
82,4c49e3c7774f,12.210405224407609,2.52692227529307
82,547595e2e6cd,6.60556858029393,2.7591968829401217
83,6460f45289ce,3.718071417487699,3.671436440876084
83,1e59ee8798f8,1.9553967641337064,1.7713215794632424
83,342387943c93,4.420310800098123,1.0531016983415036
83,945330144697,2.9529776321924097,1.7020025893720339
83,b4fbf9b75b8f,6.023292136495227,4.802446656031791
83,006b8ea102e0,2.7967082436786757,2.6789341904849566
83,40313cc5b8fc,11.690217357107862,1.6636196331093722
83,446d57216f69,3.8222868132076875,1.4444345597935686
83,547595e2e6cb,10.764354165263818,2.0439001777715924
83,547595e2e6cd,9.204013411632454,2.360497116609736
84,1e59ee8798f8,2.1580788935076822,2.00315694347484
84,6460f45289ce,3.2043278645913076,2.9452172980216953
84,342387943c93,6.957730399356938,1.5840375806728175
84,b614bd9d4a56,3.0170218416669847,1.5812261676734192
84,945330144697,5.074169838528385,1.71553480113102
84,006b8ea102e0,2.7991515799526256,2.6798351992752716
84,446d57216f69,3.9612533959071703,1.4387228696432406
84,547595e2e6cd,8.707876462771367,2.9979289280743613
85,6460f45289ce,3.021169023747066,3.0946729600855223
85,342387943c93,7.624334214723836,1.0485042739004966
85,b4fbf9b75b8f,2.622548497181884,2.5763556746297835
85,006b8ea102e0,2.8252101651240995,2.6946512892921213
85,40313cc5b8fc,10.043553615784717,1.4452900736659968
85,206be778df58,2.694902957687013,1.9237015778623792
85,547595e2e6cb,10.727144288637247,2.0532997522274727
85,446d57216f69,4.803038028464214,2.0003800779682623
85,4c49e3c7774f,8.351769236861621,1.0166490966185837
85,547595e2e6cd,8.690412015677115,2.9878971100584653
86,6460f45289ce,3.2029167876083307,2.9440809164078607
86,342387943c93,3.624888167134021,1.0480906987376584
86,0ac09c37082c,1.8139397745986534,1.710527923145619
86,006b8ea102e0,2.339492257700366,2.2329872962516406
86,40313cc5b8fc,10.939797110792561,1.3768305917366053
86,40313ce18e9e,7.426469631420444,2.9168258646210106
86,206be778df58,4.0556909609945535,2.4943997039330585
86,446d57216f69,4.388702348499429,1.3235200684841701
86,4c49e3c7774f,6.982359060782998,1.0283614499696059
86,547595e2e6cd,6.674965413352907,2.755117425898515
87,6460f45289ce,3.2283578055406705,2.9599647284449535
87,b4fbf9b7505d,12.223476265322937,1.5563579796561033
87,342387943c93,3.969188514519282,0.9394382813443027
87,b4fbf9b75b8f,1.901046938005464,1.8115726749450518
87,006b8ea102e0,2.8031100584928446,2.681764659842117
87,b4fbf9b74a7d,3.00415678626669,1.57918701896778
87,206be778df58,3.3146035871997883,2.340007641456162
87,446d57216f69,3.91860615216344,1.4456604686984644
87,4c49e3c7774f,7.428125709799829,1.030571167864667
87,547595e2e6cd,8.71710439323384,2.9881658410040792
88,342387943c93,3.995777121574715,1.0523519939709
88,006b8ea102e0,2.337140834088059,2.232031423205621
88,40313cc5b8fc,11.333240940560446,2.118953292636487
88,b4fbf9b74a7d,3.5865705499623526,1.4121151404915446
88,206be778df58,2.701029607774788,1.9257060434878766
88,446d57216f69,3.8801723392963847,1.4404959085940572
88,b4fbf9e09d3d,7.107232050510227,1.3071576355740586
88,547595e2e6cd,9.316550279353594,2.3497435334530548
89,342387943c93,3.347538581822441,1.1776922284579263
89,945330144697,2.8319990045527823,3.1050437446858346
89,b4fbf9b75b8f,6.941844439138587,3.844787359292462
89,006b8ea102e0,2.322419308098207,2.225811998284542
89,40313cc5b8fc,11.645622733740176,1.5149250798839773
89,206be778df58,4.003109094689959,2.481089764703187
89,446d57216f69,3.412488773581959,1.5826025731880091
89,b4fbf9e09d3d,6.753329620343395,2.0875468059860802
89,547595e2e6cd,6.661962082411415,2.7659012416673976
90,342387943c93,3.3874929733372756,1.163555067215761
90,945330144697,3.9641706282511593,1.4289700758105817
90,006b8ea102e0,2.2096312830374103,2.224226026083387
90,446d57216f69,3.1552155818671928,1.579330841351719
90,b06ebf3c9a48,7.223454557255284,1.4473550246089089
90,4c49e3c7774f,6.376173098945948,1.7451461216493587
90,547595e2e6cd,8.67683852330498,2.993898603470699
91,6460f45289ce,3.203883927064977,2.944865156658307
91,342387943c93,3.4296647648159158,1.1731571146659547
91,945330144697,3.962080888724684,1.4147235132434575
91,b4fbf9b75b8f,2.2608579092303325,2.4629564106228723
91,006b8ea102e0,2.329382455346066,2.229012049592177
91,40313cc5b8fc,11.333491402716424,2.123900785904797
91,206be778df58,1.542481875462705,1.9883249186754721
91,446d57216f69,3.1607789524319103,1.5669860763924368
91,547595e2e6cb,9.36177477249599,3.0934465945457745
91,547595e2e6cd,7.9863670278210765,3.502173815511288
92,342387943c93,3.5757774475471327,1.0489203336409445
92,945330144697,5.337573160441006,1.5696691139649115
92,006b8ea102e0,2.772514592784338,2.6645672014200814
92,40313cc5b8fc,11.030895642408618,1.306946401289437
92,446d57216f69,3.2031781102146835,1.4426748032124275
92,547595e2e6cd,9.280090300508816,2.360009008020207
93,c49dedaadd2f,3.0690759291492267,1.5821295703370053
93,342387943c93,3.653695499862282,1.051566740467409
93,945330144697,4.277728727464779,2.654054278203655
93,006b8ea102e0,3.1750892851100954,2.9269728224886515
93,40313cc5b8fc,11.213464232219804,2.1213334256370167
93,40313ce18e9e,3.9345651865761524,1.9838955910863492
93,446d57216f69,3.689312520018113,2.1200896316611084
93,547595e2e6cb,10.304500212234263,2.8076242807978895
93,547595e2e6cd,8.675513240786852